|Mar 19|Mar 18|Mar 17|Mar 16|Mar 15|Mar 14|Mar 13|Mar 12|Mar 11|Mar 10
Revenue From Operations [Gross]|528148.93|509825.14|452128.07|407088.86|468804.89|457571.1|414919.05|373942.54|328669.66|291272.84
Less: Excise/Sevice Tax/Other Levies|0|94050.07|98415.73|68776.37|36531.93|23904.04|23554.18|24455.59|25789.91|21834.76
Revenue From Operations [Net]|528148.93|415775.07|353712.34|338312.49|432272.96|433667.06|391364.87|349486.95|302879.75|269438.08
Other Operating Revenues|0|5716.75|1666.66|7732.25|17235.7|39543.03|55731.54|48989.68|25212.55|0
Total Operating Revenues|528148.93|421491.82|355379|346044.74|449508.66|473210.09|447096.41|398476.63|328092.3|269438.08
Other Income|2714.28|3419.88|3862.2|2186.49|4203.99|3417.29|3514.79|3199.05|3434.57|3399.99
Total Revenue|530863.21|424911.7|359241.2|348231.23|453712.65|476627.38|450611.2|401675.68|331526.87|272838.07
Cost Of Materials Consumed|306472.22|217228.51|179874.35|164178.97|248449.81|227012.01|219744.05|202280.49|142916.34|118998.07
Purchase Of Stock-In Trade|139170.13|118116.41|110377.1|117266.37|140817.4|196237.15|188182.2|154793.5|155710.85|122084.15
"Changes In Inventories Of FG|WIP And Stock-In Trade"|-3545.59|1501.48|-15092.13|3578.2|9854.11|-1153|-5220.03|-2852.13|-4972.93|-5044.25
Employee Benefit Expenses|11596.28|10680.7|10262.76|7501.8|7662.49|6618.97|7271.27|4976.96|6435.55|5741.05
Finance Costs|4887.98|3810.51|3721.26|3468.99|4174.64|5084.42|6409.15|5590.54|2672.52|1526.46
Depreciation And Amortisation Expenses|8506.45|7675.83|6872.39|5698.39|5219.01|5760.09|5200.99|4867.79|4546.67|3227.14
Other Expenses|39233.22|32359.19|35909.73|30076.51|32174.54|28792.73|23382.07|20835.19|15048.3|11430.7
Total Expenses|506320.69|391372.63|331925.46|331769.23|448352|468352.37|444969.7|390492.34|322357.3|259483.13
"Profit/Loss Before Exceptional| ExtraOrdinary Items And Tax"|24542.52|33539.07|27315.74|16462|5360.65|8275.01|5641.5|11183.34|9169.57|13354.94
Exceptional Items|0|0|0|1364.25|1668.09|1746.8|0|-7707.82|0|0
Profit/Loss Before Tax|24542.52|33539.07|27315.74|17826.25|7028.74|10021.81|5641.5|3475.52|9169.57|13354.94
Tax Expenses-Continued Operations||||||||||
Current Tax|8653.05|7648.32|7794.77|3784.21|1388.18|2802.9|821.94|894.4|1355.7|3815.39
Less: MAT Credit Entitlement|0|0|0|0|164.44|0|450.09|0|1285.8|0
Deferred Tax|0|4175.55|-224.37|1874.23|918.83|103.52|270.78|-1094.71|1580.48|-717.52
Total Tax Expenses|8653.05|11823.87|7570.4|5658.44|2142.57|2906.42|642.63|-200.31|1650.38|3097.87
Profit/Loss After Tax And Before ExtraOrdinary Items|15889.47|21715.2|19745.34|12167.81|4886.17|7115.39|4998.87|3675.83|7519.19|10257.07
Prior Period Items|0|0|0|0|-14.39|-96.3|6.3|278.79|-73.71|-36.52
Profit/Loss From Continuing Operations|15889.47|21715.2|19745.34|12167.81|4871.78|7019.09|5005.17|3954.62|7445.48|10220.55
Profit/Loss For The Period|15889.47|21715.2|19745.34|12167.81|4871.78|7019.09|5005.17|3954.62|7445.48|10220.55
Minority Interest|102.85|-436.9|-535.91|-390.87|40.24|||||
Share Of Profit/Loss Of Associates|1384.38|911.15|640.06|245.51|0|||||
Consolidated Profit/Loss After MI And Associates|17376.7|22189.45|19849.49|12022.45|4912.02|||||
Basic EPS (Rs.)|18|23|40|25|20|||||
Diluted EPS (Rs.)|18|23|40|25|20|||||
Equity Share Dividend|0|9478.96|10545.42|2867.53|1681.08|2112.32|1505.33|1213.98|2306.55|3156.34
Tax On Dividend|0|1968.37|2221.04|605.01|342.47|358.99|255.83|194.43|358.7|508.83
Basic EPS (Rs.)|18.41|23.41|20.94|25.37|20.23|29.18|18.32|17.41|32.25|44.12
Diluted EPS (Rs.)|18.41|23.41|20.94|25.37|20.23|29.18|18.32|17.41|32.25|44.12
Cash EPS (Rs.)|26.57|31.01|56.16|75.4|41.56|54.89|38.38|39.43|53.62|59.94
Book Value[ExclRevalReserve]/Share (Rs.)|124.55|122.41|219.44|385.73|287.92|284.53|264.82|256.67|245.34|223.63
Book Value[InclRevalReserve]/Share (Rs.)|124.55|122.41|219.44|385.73|287.92|284.53|264.82|256.67|245.34|223.63
Revenue from Operations/Share (Rs.)|575.26|444.67|749.85|1460.31|1851.39|2011.35|1901.93|1684.24|1275.96|1044.65
PBDIT/Share (Rs.)|41.32|47.5|79.99|108.16|60.77|84.77|71.16|93.23|74.56|80.65
PBIT/Share (Rs.)|32.06|39.4|65.49|84.11|39.27|58.58|47.71|71.37|54.25|66.01
PBT/Share (Rs.)|26.73|35.38|57.64|75.23|28.95|41.44|18.54|15.34|41.95|58.9
Net Profit/Share (Rs.)|17.31|22.91|41.66|51.35|20.07|28.69|14.94|17.57|33.3|45.3
NP After MI And SOA / Share (Rs.)|18.93|23.41|41.88|50.73|20.23|29.18|18.32|17.41|32.25|44.12
PBDIT Margin (%)|7.18|10.68|10.66|7.4|3.28|4.21|3.74|5.53|5.84|7.72
PBIT Margin (%)|5.57|8.86|8.73|5.75|2.12|2.91|2.5|4.23|4.25|6.31
PBT Margin (%)|4.64|7.95|7.68|5.15|1.56|2.06|0.97|0.91|3.28|5.63
Net Profit Margin (%)|3|5.15|5.55|3.51|1.08|1.42|0.78|1.04|2.6|4.33
NP After MI And SOA Margin (%)|3.29|5.26|5.58|3.47|1.09|1.45|0.96|1.03|2.52|4.22
Return on Networth/Equity (%)|15.45|19.48|19.44|13.36|7.13|10.43|7.05|6.99|13.6|20.42
Return on Capital Employed (%)|16.87|23.97|22.03|13.54|3.79|5.64|4.14|4.84|9.25|13.04
Return on Assets (%)|5.18|7.5|7.25|5.19|2.1|2.65|1.87|1.92|4.24|6.45
Total Debt/Equity (X)|0.82|0.55|0.58|0.54|0.84|1.31|1.38|1.24|0.96|0.94
Asset Turnover Ratio (%)|157.58|142.55|129.9|149.44|192.3|183.12|194.26|186.02|167.81|152.8
Current Ratio (X)|0.81|0.76|0.73|0.87|0.97|1|1.03|0.95|1.02|0.9
Quick Ratio (X)|0.33|0.25|0.23|0.37|0.49|0.49|0.52|0.47|0.47|0.41
Inventory Turnover Ratio (X)|6.85|5.97|5.41|8.19|9.01|6.75|6.93|6.4|5.64|6.17
Dividend Payout Ratio (NP) (%)|0|42.71|53.12|23.85|34.22|31.35|35.87|30.19|30|29.69
Dividend Payout Ratio (CP) (%)|0|31.73|39.46|16.18|16.59|16.52|15.74|13.38|18.4|22.29
Earnings Retention Ratio (%)|0|57.29|46.88|76.15|65.78|68.65|64.13|69.81|70|70.31
Cash Earnings Retention Ratio (%)|0|68.27|60.54|83.82|83.41|83.48|84.26|86.62|81.6|77.71
Interest Coverage Ratios (%)|6.02|9.8|8.34|5.75|2.28|2.41|1.64|2.94|4.41|9.28
Interest Coverage Ratios (Post Tax) (%)|6.02|9.8|8.34|5.75|2.28|2.41|1.64|2.94|4.41|9.28
Enterprise Value (Cr.)|242898.87|230907.26|243618.81|141759.55|147427.75|154138.36|155090.81|139494.65|136658.47|121756.53
EV/Net Operating Revenue (X)|0.46|0.55|0.69|0.41|0.33|0.32|0.34|0.34|0.44|0.48
EV/EBITDA (X)|6.4|5.13|6.43|5.53|9.99|7.49|8.98|6.16|7.55|6.22
MarketCap/Net Operating Revenue (X)|0.28|0.4|0.52|0.27|0.2|0.14|0.15|0.16|0.26|0.28
Retention Ratios (%)|0|57.28|46.87|76.14|65.77|68.64|64.12|69.8|69.99|70.3
Price/BV (X)|1.33|1.47|1.8|1.04|1.3|1|1.08|1.06|1.41|1.37
Price/Net Operating Revenue|0.28|0.4|0.52|0.27|0.2|0.14|0.15|0.16|0.26|0.28
Earnings Yield|0.12|0.13|0.11|0.13|0.05|0.1|0.07|0.07|0.1|0.15
